################################
# orbit and GW data for:
#    E = -0.03445 l = 3.7
################################
# t  r(t)  phi(t)  Hplus(t)  Hcross(t)
0 4.940823387774099 0.0 -9.573373090377147e-06 -1.6833306037324056e-05
1 4.942634629944789 0.15152941757713162 -5.989341337915682e-06 -2.2483570482419376e-05
2 4.948074588743755 0.30283682917539134 -1.6500594603220652e-06 -2.52330587130013e-05
3 4.957161770850402 0.4537009200017573 2.8793987094249905e-06 -2.4749327812698186e-05
4 4.969926383698189 0.6039018388072014 7.015786806150539e-06 -2.1126387145017505e-05
5 4.986409438326832 0.753221924785076 1.0235729945600501e-05 -1.4865369469374916e-05
6 5.00666141022128 0.9014466267373004 1.2144056693833809e-05 -6.799935006300605e-06
7 5.030740726056067 1.0483653694115 1.2523031586134079e-05 2.021873674100527e-06
8 5.058711737783181 1.1937726660600259 1.135608243926049e-05 1.0481569714259872e-05
9 5.090642728375971 1.3374691456778212 8.823496992240482e-06 1.7538970206470902e-05
10 5.126603355755112 1.4792628693546246 5.271712552458309e-06 2.236474925945192e-05
11 5.16666237887713 1.6189704598790498 1.1615844555123457e-06 2.443894242366287e-05
12 5.210884825195098 1.7564185497987372 -2.9961536846705192e-06 2.360326819643385e-05
13 5.259329649408214 1.8914449202907564 -6.70857306765627e-06 2.006241606742493e-05
14 5.312047039763911 2.0238998827190864 -9.561786675410376e-06 1.4337161101699799e-05
15 5.369076145944134 2.153647359284359 -1.126767112667452e-05 7.178966126741032e-06
16 5.430443030851156 2.2805659128238585 -1.1690684974016436e-05 -5.393101443629939e-07
17 5.496158613021989 2.404549692021317 -1.0852679828139147e-05 -7.939620727938969e-06
18 5.566217543761534 2.525508911756485 -8.916998124362113e-06 -1.4245314823792358e-05
19 5.640596871720758 2.6433704476683535 -6.1560255802764835e-06 -1.886445134272758e-05
20 5.719255514295339 2.7580778386670706 -2.908348696406388e-06 -2.1441005884840873e-05
21 5.8021341595849005 2.8695912228881935 4.675000641306688e-07 -2.1870711277000378e-05
22 5.8891553127527185 2.9778870598345835 3.6361016760636684e-06 -2.0283809784750698e-05
23 5.9802241519467225 3.082957357383064 6.319698423385993e-06 -1.7001449282894192e-05
24 6.075229338791464 3.1848090080361167 8.32092369751412e-06 -1.2475230875467858e-05
25 6.174044354464947 3.2834627676369554 9.53256753026696e-06 -7.220451142479018e-06
26 6.276529241786849 3.3789519458741837 9.93525437065268e-06 -1.7526170312579694e-06
27 6.382531967963973 3.471321427091601 9.585474487008798e-06 3.4652306428544668e-06
28 6.491890574006943 3.560626138914478 8.597248060116487e-06 8.059775968432811e-06
29 6.604434949396026 3.6469297614330025 7.12095063614134e-06 1.17677954105431e-05
30 6.7199885817595755 3.7303035134226277 5.322472544965771e-06 1.4440590005803339e-05
31 6.8383706924242205 3.8108246204517915 3.3650853256289264e-06 1.603549342516316e-05
32 6.959397654513937 3.888575293972895 1.3955468340115534e-06 1.6598410979476666e-05
33 7.082884755321825 3.9636414902560944 -4.650021177316524e-07 1.62414641518784e-05
34 7.208647764358689 4.036111744737177 -2.1255443292277193e-06 1.5119517959542446e-05
35 7.336503994485194 4.106076400721295 -3.5257340244903234e-06 1.3408434041413404e-05
36 7.4662736696936385 4.173626588520802 -4.633554626253095e-06 1.1286753631479325e-05
37 7.59778084155508 4.238853503801424 -5.441081185933035e-06 8.92192491107931e-06
38 7.730854113891954 4.301847842032036 -5.959281133425555e-06 6.461184662241137e-06
39 7.865327453799269 4.362699121338637 -6.212691312480264e-06 4.026334690695424e-06
40 8.001040643603394 4.421495282726202 -6.2344795822651984e-06 1.7121194272026852e-06
41 8.137839641882401 4.478322344445601 -6.062216549456898e-06 -4.1282232914696497e-07
42 8.275576920408222 4.533264033160747 -5.734500339475251e-06 -2.303580244239709e-06
43 8.414111635625025 4.58640157567928 -5.288512785359667e-06 -3.935418068353247e-06
44 8.553309681918408 4.637813556069735 -4.758357092041027e-06 -5.2998986626877606e-06
45 8.693043701947277 4.687575767680953 -4.1740498366752844e-06 -6.401186542698791e-06
46 8.833193052632772 4.735761126794176 -3.5611294151839003e-06 -7.252518093491222e-06
47 8.97364372665191 4.782439658346311 -2.940585331548417e-06 -7.873228162973389e-06
48 9.1142881649454 4.82767847404481 -2.3290780213475555e-06 -8.286315539617338e-06
49 9.25502501744684 4.871541814203198 -1.739390569894343e-06 -8.516477445891929e-06
50 9.3957590302261 4.914091066873474 -1.1808655956488948e-06 -8.588665581524106e-06
51 9.536400830737865 4.955384825496927 -6.599262695558973e-07 -8.52704678962424e-06
52 9.676866647698484 4.995478948470971 -1.806241436330119e-07 -8.354310816526374e-06
53 9.817077948944625 5.034426701685854 2.5493427201643467e-07 -8.091234312387256e-06
54 9.956961289474668 5.07227881507023 6.46168994183966e-07 -7.75645593834796e-06
55 10.096448205246741 5.109083523166922 9.936387800261705e-07 -7.366428750704533e-06
56 10.235474760536855 5.1448867134856915 1.2987514869264488e-06 -6.935460589922878e-06
57 10.373981376325974 5.1797320006057035 1.5635200840210682e-06 -6.475815563107819e-06
58 10.511912406809225 5.2136609226424175 1.7903548966694234e-06 -5.997863811629055e-06
59 10.649216113676845 5.246712952273191 1.981902490436211e-06 -5.510265277252022e-06
60 10.785844584479898 5.278925532014454 2.140918944636514e-06 -5.020189402918414e-06
61 10.9217531895015 5.310334284408826 2.2701798066068497e-06 -4.5334927300142526e-06
62 11.056900608416287 5.340972995547008 2.372419477649973e-06 -4.054823098516962e-06
63 11.191248355561623 5.37087386071474 2.450274414658035e-06 -3.5878131887242824e-06
64 11.324760713483776 5.40006751582577 2.506243651764122e-06 -3.135307597607009e-06
65 11.457404732937926 5.4285830374218556 2.5426785845362494e-06 -2.699493512779622e-06
66 11.589150095727554 5.456448004487536 2.5617727550243625e-06 -2.2819170675653406e-06
67 11.719968597159099 5.483688708888245 2.565544621816517e-06 -1.883527243300948e-06
68 11.8498343139687 5.510330089913699 2.5558412823404274e-06 -1.5049103832347245e-06
69 11.978723196623191 5.536395952794617 2.534352734464521e-06 -1.146403955576365e-06
70 12.106613035194357 5.561908985331036 2.502628883613802e-06 -8.081190603771271e-07
71 12.23348345935892 5.586890757892309 2.462077161102382e-06 -4.899277195074316e-07
72 12.35931590661371 5.611361738835565 2.413926347128825e-06 -1.9137016305875937e-07
73 12.484093182953297 5.6353414929278705 2.3592784845159065e-06 8.809517575309193e-08
74 12.607799605713916 5.658848602954772 2.2991480850955364e-06 3.489773543915276e-07
75 12.730420758012132 5.681900822109205 2.234438336100997e-06 5.918905076062755e-07
76 12.851943392737812 5.704515124331246 2.165981149238397e-06 8.174547625665416e-07
77 12.972355432554135 5.726707704308115 2.094502422886441e-06 1.0263756053061621e-06
78 13.09164596989758 5.748493977474172 2.0205772887357603e-06 1.2195070189101223e-06
79 13.2098051722188 5.769888627960635 1.944741773747996e-06 1.39761510049334e-06
80 13.32682399291346 5.790905738802596 1.8675130911626842e-06 1.5613797993651289e-06
81 13.44269435851733 5.811558703938433 1.7893255050716196e-06 1.7115225698563085e-06
82 13.557408926461754 5.831860373267494 1.7105905473883975e-06 1.8487217802490535e-06
83 13.670961066254268 5.851823062889482 1.6316631704216318e-06 1.973657616043058e-06
84 13.783344859478602 5.871458555104448 1.552778237819797e-06 2.0870691324014726e-06
85 13.894555099794681 5.890778098412797 1.4741505779724133e-06 2.1896293612431767e-06
86 14.0045872576052 5.909792426968511 1.396026166369176e-06 2.2819272430028934e-06
87 14.113437235212743 5.928511883612884 1.3186047393135266e-06 2.364545508697709e-06
88 14.221101542323934 5.946946319679237 1.2420590208002839e-06 2.438046456425735e-06
89 14.327577135033666 5.965105204564176 1.1665666930644551e-06 2.5029575018456983e-06
90 14.432861377917007 5.982997648216527 1.092229167045162e-06 2.5598118210269204e-06
91 14.536952044029197 6.000632401137346 1.01908014560472e-06 2.6091191048415916e-06
92 14.63984731490566 6.018017854379912 9.472028812961979e-07 2.6513333201253516e-06
93 14.741545780561989 6.035162039549731 8.767020356155637e-07 2.686880734368473e-06
94 14.842046395595153 6.052072654951122 8.076169734253327e-07 2.7161753983917666e-06
95 14.941348315304653 6.068757151686003 7.400133177115268e-07 2.7396071993360336e-06
96 15.039451060866718 6.0852226352596865 6.739670887291377e-07 2.7575518002162925e-06
97 15.13635438400822 6.101475962533004 6.094802288742114e-07 2.7703665747254107e-06
98 15.232058249704629 6.117523752812346 5.465204876663177e-07 2.778370098932559e-06
99 15.326562836180011 6.133372387849656 4.850821400231696e-07 2.7818573579270435e-06
100 15.419868534907033 6.149028011842433 4.2521085756377377e-07 2.781130095675646e-06
101 15.511975950606958 6.164496531433732 3.669122564665646e-07 2.7764647515214624e-06
102 15.602885901249646 6.179783615712162 3.101617119028496e-07 2.7681073778538937e-06
103 15.692599347164201 6.1948947426116066 2.5499293606999615e-07 2.7563232320075917e-06
104 15.781117339496813 6.209835219758869 2.0141360967059515e-07 2.741360190618115e-06
105 15.868441124877368 6.224610122742573 1.493761504384758e-07 2.723419542995445e-06
106 15.954572044064562 6.239224372399002 9.883114187567198e-08 2.7026753392555896e-06
107 16.039511530203555 6.253682736037195 4.9747329139665335e-08 2.679296581463604e-06
108 16.12326110882596 6.267989827438944 2.1454797107206373e-09 2.6534977989030404e-06
109 16.20582239784985 6.282150106858799 -4.398617200589974e-08 2.6254588467371047e-06
110 16.287197107579754 6.296167881024065 -8.870817130794792e-08 2.5952952717673075e-06
111 16.367387040706664 6.3100473031348026 -1.320125079967184e-07 2.5631874517416517e-06
112 16.446394092306175 6.323792372865326 -1.7389030766053475e-07 2.529318995448033e-06
113 16.524220175192017 6.337406992535458 -2.1438576176154565e-07 2.493808187016555e-06
114 16.600867237891116 6.350894939653049 -2.535449996889593e-07 2.456753965344007e-06
115 16.676337312147545 6.364259840997399 -2.914123780913924e-07 2.4182403362569887e-06
116 16.750632450883632 6.377505227064737 -3.28022081606252e-07 2.3783525070347755e-06
117 16.823754728199944 6.390634532068215 -3.63363399191784e-07 2.33725250574357e-06
118 16.895706239375286 6.403651093937914 -3.974493642985009e-07 2.2950638685351665e-06
119 16.96648910086671 6.4165581543208425 -4.3034970351250694e-07 2.25179612576773e-06
120 17.036105450309506 6.429358858580934 -4.620732008991826e-07 2.207559036431243e-06
121 17.1045574465172 6.442056255799051 -4.92608227252412e-07 2.1625058849544755e-06
122 17.171847269481578 6.45465329877298 -5.219869612362797e-07 2.1167093955376786e-06
123 17.237977120372648 6.467152844017437 -5.502466685902707e-07 2.0702212372385024e-06
124 17.302949196337654 6.479557675906688 -5.774225759040425e-07 2.023084921063919e-06
125 17.36676564446824 6.491870539325784 -6.035477029097801e-07 1.9753365376034833e-06
126 17.429428653683782 6.504094051864678 -6.286527150079326e-07 1.927005505170088e-06
127 17.49094039917936 6.516230769152717 -6.527431638313295e-07 1.8781901352164614e-06
128 17.551303038178034 6.528283189297125 -6.758177557960785e-07 1.8290199115035023e-06
129 17.610518709930826 6.540253752883004 -6.979237095826969e-07 1.7794748980630784e-06
130 17.668589535716738 6.5521448429733375 -7.191008280642047e-07 1.729535272668105e-06
131 17.725517618842733 6.563958785108987 -7.393422118709631e-07 1.6793265218148848e-06
132 17.78130504464375 6.575697847308693 -7.58654893565872e-07 1.6289434041974731e-06
133 17.835953880482702 6.587364240069077 -7.770668429360624e-07 1.5784111009870916e-06
134 17.889466175750464 6.598960116364637 -7.946043537869919e-07 1.5277505926112591e-06
135 17.941843961865892 6.610487571647751 -8.11291997511595e-07 1.4769790872278346e-06
136 17.993089252275805 6.62194864384868 -8.271525898823637e-07 1.4261104353131934e-06
137 18.043204038361313 6.633345319304221 -8.422071701298228e-07 1.3751555298404912e-06
138 18.09219023941364 6.644679595345958 -8.564749913730907e-07 1.3241226918801773e-06
139 18.14004976636013 6.655953376690344 -8.699671553573417e-07 1.2730610168591402e-06
140 18.186784506443104 6.667168515096257 -8.82683190991853e-07 1.2221105716684623e-06
141 18.232396309597437 6.678326831388998 -8.946481254437037e-07 1.1712643205567677e-06
142 18.276886988450524 6.689430115460287 -9.059023619405323e-07 1.1203797424681728e-06
143 18.3202583183223 6.700480126268266 -9.164485169848397e-07 1.0695366827374213e-06
144 18.36251203722523 6.711478591837494 -9.262850690027434e-07 1.018867999410286e-06
145 18.40364984586432 6.722427209258955 -9.354302127903905e-07 9.683900975434418e-07
146 18.443673407637103 6.733327644690049 -9.439020535172713e-07 9.181107752795814e-07
147 18.482584348633647 6.744181533354598 -9.517175081828711e-07 8.680361728327743e-07
148 18.520384257636564 6.754990479542845 -9.588923122287856e-07 8.181709903993888e-07
149 18.557074686120984 6.765756056611452 -9.654410311206018e-07 7.685186972490962e-07
150 18.592657148254588 6.776479806983502 -9.713770765305916e-07 7.190817319676474e-07
151 18.62713312089758 6.787163242148498 -9.767127267624543e-07 6.698616939746139e-07
152 18.6605040436027 6.7978078426623645 -9.814591510783196e-07 6.208595263026891e-07
153 18.692771318615225 6.808415058147444 -9.856264376251938e-07 5.720756897130901e-07
154 18.72393630213272 6.818986328881721 -9.892236566119619e-07 5.235503990303972e-07
155 18.75400028054516 6.829523123303267 -9.922625779446373e-07 4.7545350611162925e-07
156 18.782964515802597 6.84002682180958 -9.94759187275475e-07 4.2775444241906116e-07
157 18.810830227469523 6.85049878523237 -9.967239719779232e-07 3.801868954297826e-07
158 18.837598590260153 6.860940361971686 -9.981608627355597e-07 3.328082709541235e-07
159 18.86327073403843 6.871352887995917 -9.990779172689996e-07 2.858018004699259e-07
160 18.88784774381801 6.881737686841787 -9.99487188980356e-07 2.391882412701012e-07
161 18.91133065976228 6.8920960696143645 -9.994002044460886e-07 1.9296909334163306e-07
162 18.933720477184348 6.902429334987053 -9.988277602593094e-07 1.471452793735164e-07
163 18.955018146547044 6.912738769201597 -9.977799372540806e-07 1.0171724820745966e-07
164 18.97522457346292 6.923025646068076 -9.962661165187564e-07 5.668507383224479e-08
165 18.994340618694252 6.933291226964915 -9.942949970598042e-07 1.2048549990239838e-08
166 19.01236709815304 6.943536760838872 -9.91874614994677e-07 -3.21927195952895e-08
167 19.029304782901004 6.953763484205047 -9.890123641446069e-07 -7.603923529752362e-08
168 19.045154399149588 6.963972621146877 -9.857150179136973e-07 -1.1949151988515337e-07
169 19.05991662825996 6.97416538331614 -9.819887523611782e-07 -1.625500409598848e-07
170 19.073592106743007 6.984342969932951 -9.778391703472392e-07 -2.0521513753623318e-07
171 19.086181426259348 6.9945065677857645 -9.732713266631015e-07 -2.4748695068985333e-07
172 19.09768513361931 7.0046573512313755 -9.682897540766976e-07 -2.893653581236347e-07
173 19.108103730782958 7.014796482194915 -9.628984901868419e-07 -3.3084991268037336e-07
174 19.11743767376665 7.024925114445955 -9.571011611103023e-07 -3.7193950891032616e-07
175 19.12568735574427 7.035044448281563 -9.509224113754674e-07 -4.125333838847305e-07
176 19.132853126804456 7.045155642736064 -9.443923993755895e-07 -4.525263438732324e-07
177 19.13893529461151 7.055259838266941 -9.3749069034687e-07 -4.920623585209023e-07
178 19.14393412030804 7.065358176081399 -9.301927660094328e-07 -5.31270393973229e-07
179 19.147849818514953 7.075451798136359 -9.225193065348289e-07 -5.700550636815092e-07
180 19.150682557331482 7.08554184713846 -9.144907802266511e-07 -6.083414202827028e-07
181 19.152432458335163 7.09562946654406 -9.061128710845029e-07 -6.461298757375858e-07
182 19.153099596581846 7.105715800559233 -8.973908531133582e-07 -6.834207955203021e-07
183 19.152684000605685 7.115801994139775 -8.883296041678479e-07 -7.20214452072643e-07
184 19.15118565241915 7.125889192991196 -8.789336204095529e-07 -7.565109803087154e-07
185 19.148604487513023 7.135978543568725 -8.692070313515024e-07 -7.923103350762151e-07
186 19.14494039485639 7.146071193077311 -8.591536154853221e-07 -8.276122504588925e-07
187 19.14019321689665 7.156168289471617 -8.487768164084156e-07 -8.624162010721073e-07
188 19.13436274955952 7.166270981456029 -8.380797594440253e-07 -8.967213652296075e-07
189 19.12744874224902 7.176380418484648 -8.270652687499425e-07 -9.305265899046088e-07
190 19.11945089784747 7.186497750761292 -8.157358848393231e-07 -9.638303575856258e-07
191 19.110368872715526 7.1966241292395 -8.040938825055848e-07 -9.966307549777237e-07
192 19.100202276692137 7.206760705622527 -7.921412891623378e-07 -1.0289254434415291e-06
193 19.088950674146005 7.216908649011032 -7.798799035236463e-07 -1.0607116312667114e-06
194 19.076613582084658 7.227069165807169 -7.673208661296066e-07 -1.0919652332668428e-06
195 19.06319046531471 7.2372434218357125 -7.544983714255623e-07 -1.12261626334818e-06
196 19.04868074324276 7.247432592386517 -7.414070420139847e-07 -1.1526870029746148e-06
197 19.033083790258985 7.257637866276095 -7.28000189334087e-07 -1.1822823011814173e-06
198 19.016398935737147 7.26786044584762 -7.142891700760885e-07 -1.2113721658989956e-06
199 18.998625464034603 7.278101546970924 -7.003063946740265e-07 -1.2398862665913583e-06
200 18.979762614492287 7.288362399042496 -6.860569036635979e-07 -1.267818876058758e-06
201 18.959809581434712 7.298644244985487 -6.715433653903822e-07 -1.2951687561350497e-06
202 18.938765514169987 7.308948341249705 -6.567681931998358e-07 -1.3219343477739384e-06
203 18.916629516989794 7.319275957811618 -6.417335584396958e-07 -1.348113739041922e-06
204 18.893400649169404 7.32962837817435 -6.264414040352208e-07 -1.3737046341378645e-06
205 18.86907792496768 7.3400068993676895 -6.108934586380836e-07 -1.3987043234360563e-06
206 18.84366031362706 7.35041283194808 -5.950912513359046e-07 -1.4231096545715182e-06
207 18.81714673937356 7.3608474999986235 -5.790361269346778e-07 -1.4469170045796915e-06
208 18.789536081416795 7.371312241129083 -5.627292617778768e-07 -1.470122253131932e-06
209 18.760827173949963 7.38180840647588 -5.461716801249007e-07 -1.4927207568488088e-06
210 18.731018806149834 7.392337360702094 -5.293642710934676e-07 -1.5147073247334924e-06
211 18.70010972319894 7.402900484506689 -5.123078061260037e-07 -1.5360761947714194e-06
212 18.668098651831386 7.413499242545324 -4.9500295700995e-07 -1.5568210116740071e-06
213 18.634984251320013 7.424135071724554 -4.774577169215232e-07 -1.5769269407972172e-06
214 18.600765127424168 7.434809403575302 -4.5971681943054446e-07 -1.5963427404512304e-06
215 18.56543984885491 7.445523702429963 -4.417770262882606e-07 -1.615072764956228e-06
216 18.529006947275008 7.456279465422403 -4.2356312861274335e-07 -1.633192433758506e-06
217 18.491464917298956 7.467078222487963 -4.050832552044141e-07 -1.6506809979707554e-06
218 18.452812216492948 7.477921536363453 -3.863889726722202e-07 -1.6674761555956477e-06
219 18.413047265374907 7.488811002587154 -3.6748949082534644e-07 -1.6835657868009184e-06
220 18.372168447414463 7.499748249498823 -3.483860889813735e-07 -1.6989458052786696e-06
221 18.330174109032964 7.5107349382396835 -3.29079858379217e-07 -1.713611517523226e-06
222 18.287062559603463 7.521772762752436 -3.0957172104717273e-07 -1.7275575851533748e-06
223 18.242832071450742 7.532863449781249 -2.8986244972030667e-07 -1.7407779882973404e-06
224 18.197480879851287 7.544008758871767 -2.699526888618343e-07 -1.753265990081152e-06
225 18.1510071830333 7.555210482371101 -2.4984297678545256e-07 -1.7650141022986822e-06
226 18.103409142176705 7.5664704454278375 -2.295337688676749e-07 -1.776014052367659e-06
227 18.054684881413127 7.577790505992034 -2.0902546189749405e-07 -1.7862567516351837e-06
228 18.00483248782592 7.589172554815221 -1.8831841954754366e-07 -1.7957322651206836e-06
229 17.953850011450136 7.600618515450398 -1.674129989992306e-07 -1.8044297828058052e-06
230 17.901735478540015 7.6121303628711265 -1.4630957871338088e-07 -1.812337592576414e-06
231 17.848486941109446 7.623710197974188 -1.250085873597353e-07 -1.819443054913738e-06
232 17.794102360504244 7.635360085855785 -1.0351053395514054e-07 -1.825732579444593e-06
233 17.738579672202633 7.647082138795609 -8.185248398520574e-08 -1.8311824388170814e-06
234 17.681916798873708 7.658878534014396 -6.009851215440327e-08 -1.835768438473496e-06
235 17.624111650377415 7.6707515136739275 -3.817947058230484e-08 -1.8395044560503985e-06
236 17.565162123764562 7.682703384877035 -1.5986629344947418e-08 -1.8424008331347505e-06
237 17.505066103276818 7.694736519667591 6.415647721034427e-09 -1.8444173869383573e-06
238 17.443821460346708 7.706853355030519 2.8948687264332678e-08 -1.845520627577501e-06
239 17.381426053597615 7.719056392891786 5.161019624367507e-08 -1.8457017588843945e-06
240 17.317877728843783 7.731348200118404 7.4399659551655e-08 -1.8449512568286018e-06
241 17.25317431909032 7.7437314085184346 9.731662170323042e-08 -1.8432583232886116e-06
242 17.187313644533187 7.756208714840984 1.2036064202632568e-07 -1.8406108346189116e-06
243 17.1202935125592 7.768782880776202 1.4353124747140341e-07 -1.8369952932660583e-06
244 17.052111717746048 7.781456732955289 1.6682788297521186e-07 -1.8323967826770326e-06
245 16.982766080849338 7.794233200507524 1.90249859370427e-07 -1.8267989257752734e-06
246 16.91225448443973 7.807115352038044 2.1379629884665124e-07 -1.8201838472841096e-06
247 16.84057473720858 7.820106264230256 2.374660779231951e-07 -1.812532140200952e-06
248 16.767724681515556 7.833209122419804 2.6125776789238833e-07 -1.8038228367470719e-06
249 16.693702199625378 7.8464272265230015 2.8516957273239e-07 -1.7940333841377429e-06
250 16.61850521370782 7.859763991036837 3.091992645102673e-07 -1.7831396255269536e-06
251 16.542131685837727 7.87322294503897 3.333441162366773e-07 -1.7711157865347863e-06
252 16.464579617994996 7.886807732187735 3.5760083217010563e-07 -1.7579344677629526e-06
253 16.385847052064587 7.900522110722138 3.819270013796517e-07 -1.7435874862503078e-06
254 16.30593206983652 7.914369953461858 4.062293481917909e-07 -1.7281021678983762e-06
255 16.224832793005866 7.928355247807248 4.305578509243128e-07 -1.7114372043299745e-06
256 16.14254738317277 7.942482095739332 4.550429742212358e-07 -1.6934931103248022e-06
257 16.05907407033519 7.956754735827154 4.796210201791221e-07 -1.6742641820481022e-06
258 15.97441125942318 7.971177625958573 5.041964204770349e-07 -1.6537730079099668e-06
259 15.888557334424613 7.985755291847532 5.287642438765121e-07 -1.6319996730734723e-06
260 15.801510795218558 8.000492431761275 5.533224377571986e-07 -1.6089200172487474e-06
261 15.713270280954433 8.01539393452143 5.778683178448368e-07 -1.5845072767415582e-06
262 15.623834570052004 8.030464879504017 6.023984450808558e-07 -1.5587320640964367e-06
263 15.533202580201387 8.045710536639437 6.269084975796735e-07 -1.531562360315361e-06
264 15.441373368363042 8.06113636641248 6.513931376987236e-07 -1.5029635206209417e-06
265 15.348346130767782 8.076748019862325 6.75845874290028e-07 -1.4728982947623346e-06
266 15.254120202916765 8.092551338582538 7.00258920227845e-07 -1.4413268629319322e-06
267 15.158695062275713 8.108552356524866 7.24623045268835e-07 -1.408206888500632e-06
268 15.062070493012627 8.124757409637745 7.489274244603219e-07 -1.373493588723105e-06
269 14.9642464346696 8.14117303287351 7.731228576927566e-07 -1.3371908974503174e-06
270 14.86522303389619 8.157805995935915 7.971287402411774e-07 -1.299354845128069e-06
271 14.765000748687024 8.174663373380772 8.209762568790708e-07 -1.2598955633191236e-06
272 14.663580348381794 8.191752544615959 8.447305273146194e-07 -1.2186598332161562e-06
273 14.56096291366526 8.209081193901405 8.683166758716751e-07 -1.1756799863231774e-06
274 14.45714983656725 8.22665731034911 8.916580025814197e-07 -1.131003079067952e-06
275 14.35214282046266 8.244489187923126 9.147442875501963e-07 -1.08458661839323e-06
276 14.245943881304811 8.26258542618609 9.375641529758892e-07 -1.0363827140524471e-06
277 14.138555547940273 8.280955049872945 9.601037134620986e-07 -9.863396665421467e-07
278 14.029980740565795 8.299607430788422 9.823463043211417e-07 -9.344021590816588e-07
279 13.920222818868062 8.3185523205316 1.0042722035189812e-06 -8.805114908307337e-07
280 13.809285734447318 8.337799943830085 1.0258583479249206e-06 -8.246058542553999e-07
281 13.697174030817376 8.357360998540004 1.0470776849521451e-06 -7.666215656798657e-07
282 13.583892843405607 8.37724665564601 1.0678589717422811e-06 -7.066000564640473e-07
283 13.469447899552952 8.397468559261283 1.0881349247645852e-06 -6.445836898069939e-07
284 13.353845518916813 8.418038826856606 1.1079210464060019e-06 -5.804042920759707e-07
285 13.237092880261237 8.43897019789322 1.1271947780656293e-06 -5.139689577706818e-07
286 13.119197876900436 8.460275940962472 1.1458640097734526e-06 -4.453660623960124e-07
287 13.00016919505005 8.481969903032677 1.1638714056178457e-06 -3.7460562776688326e-07
288 12.880016578370503 8.504066661941586 1.1811862208691026e-06 -3.0161726798918695e-07
289 12.758750827967011 8.526581526396393 1.197771893852583e-06 -2.263269583636842e-07
290 12.63638380238958 8.549530535973737 1.213585570185538e-06 -1.4865779575308794e-07
291 12.512928417633002 8.572930461119693 1.2285776275768826e-06 -6.853086269900102e-08
292 12.388398647136864 8.596798803149781 1.2426883008741815e-06 1.4118708291138878e-08
293 12.262809896742006 8.621153985846181 1.2558251556132178e-06 9.920729619048081e-08
294 12.13617897965795 8.646015323018142 1.2679100426675255e-06 1.86714922828892e-07
295 12.008524115845729 8.671403030544958 1.2789030632909867e-06 2.768328986497168e-07
296 11.879865330305908 8.697338440788704 1.2887182725631501e-06 3.6954253270019824e-07
297 11.750224453088839 8.72384400259963 1.2972515846814033e-06 4.6472169697198715e-07
298 11.619625119294676 8.750943281316166 1.3044282006366913e-06 5.624113788260768e-07
299 11.488092769073358 8.778660958764917 1.3101709953094098e-06 6.626944487032353e-07
300 11.355654877460926 8.807022943139613 1.3143909707395696e-06 7.6565132879668e-07
301 11.222341442556246 8.83605657705035 1.3169865306927344e-06 8.713557045526577e-07
302 11.088184669940775 8.86579048890279 1.3178394130859976e-06 9.797329190891805e-07
303 10.953219606153482 8.896254921743937 1.3168274629701718e-06 1.090678381571144e-06
304 10.81748417131126 8.927481749544658 1.3138341549508885e-06 1.2042816744009573e-06
305 10.681019159108935 8.959504477199687 1.3087313075975902e-06 1.3205078693114057e-06
306 10.543868238860972 8.992358241463275 1.3013834951722432e-06 1.4391754341248257e-06
307 10.40607856763992 9.026080074717205 1.2916553424104364e-06 1.560249447203228e-06
308 10.267700892699468 9.060708901405034 1.2793980819284228e-06 1.683774445182026e-06
309 10.128789794745932 9.096285681888018 1.2644433346915016e-06 1.8097754421049597e-06
310 9.989404117780614 9.132853620540581 1.2466162517840804e-06 1.938138811946469e-06
311 9.849606969099783 9.170458165750313 1.225741840545525e-06 2.068642295862487e-06
312 9.709465719294684 9.20914700991797 1.2016261104030705e-06 2.2011851704092537e-06
313 9.569052287520678 9.24897018534931 1.1740719876069013e-06 2.3356089284818943e-06
314 9.428444051457845 9.289980362205972 1.1428925690909139e-06 2.4715976399234817e-06
315 9.287723593166534 9.332232789195203 1.107874299950676e-06 2.608951352605119e-06
316 9.146979127990555 9.37578545996022 1.0687656912033235e-06 2.7475562917374664e-06
317 9.006304528145701 9.42069912139014 1.0253054014273169e-06 2.887181757435059e-06
318 8.86579947872698 9.467037302527501 9.772556599582926e-07 3.027392703830239e-06
319 8.72557014645054 9.514866458240627 9.243493290144388e-07 3.167782605677927e-06
320 8.585729115581556 9.564255941544769 8.662990288291656e-07 3.3079486565979388e-06
321 8.446395495970457 9.615277997492802 8.02877640270432e-07 3.4472222632404555e-06
322 8.307694961452473 9.6680077499207 7.338215463761365e-07 3.5849863822612956e-06
323 8.16976007823453 9.722523150427246 6.587827349150571e-07 3.7207538755843796e-06
324 8.032730206396952 9.77890483811779 5.773949149896036e-07 3.853902856914074e-06
325 7.896751288455106 9.837235950196202 4.893694497922532e-07 3.9835121671827345e-06
326 7.7619757848131465 9.897601984270338 3.944288649940479e-07 4.108534154912205e-06
327 7.628562656569574 9.96009053776536 2.9223654421546563e-07 4.227949818637084e-06
328 7.496676607875887 10.024790755759783 1.8255040825300816e-07 4.340486456484716e-06
329 7.366487720552583 10.091793051896746 6.512573495614179e-08 4.44476764645122e-06
330 7.238171018004555 10.161188627718522 -6.03903454064728e-08 4.539431213478355e-06
331 7.111905586678666 10.233068738310644 -1.9431961788465084e-07 4.622872944787335e-06
332 6.9878733311147965 10.307523841756394 -3.3683724961528454e-07 4.693155402623391e-06
333 6.866258319571353 10.384643066347445 -4.880664849649632e-07 4.748142408372911e-06
334 6.747245392577847 10.464513113867971 -6.481058622874161e-07 4.785550790969951e-06
335 6.631018361387597 10.54721702276868 -8.169126361041438e-07 4.802844328780868e-06
336 6.517758939014197 10.632833382102744 -9.944326287584887e-07 4.797281305356791e-06
337 6.407644837594769 10.72143494403418 -1.1805863191620435e-06 4.765861249939122e-06
338 6.3008476723277935 10.81308715867194 -1.3750166292660654e-06 4.705220989366946e-06
339 6.197531586139002 10.907847186516316 -1.577129544068454e-06 4.611698475304247e-06
340 6.0978510559463786 11.005762351081122 -1.7861660516472447e-06 4.481400796692113e-06
341 6.001948949931893 11.106868726535042 -2.0010624418420175e-06 4.310207973905802e-06
342 5.909955139895454 11.211190143958412 -2.220500055148496e-06 4.093734542647969e-06
343 5.821984553197925 11.318736781845397 -2.4428771935073673e-06 3.82731449656009e-06
344 5.738135961275947 11.429504181914716 -2.6660497432651485e-06 3.506118453976191e-06
345 5.658490974503539 11.54347249486914 -2.8872905473064302e-06 3.125304395868071e-06
346 5.5831131525466695 11.660605683392 -3.103372364653096e-06 2.680080751761704e-06
347 5.512047842572697 11.78085118145245 -3.310449482735707e-06 2.1658335623764757e-06
348 5.445322087653975 11.90413968732339 -3.5039047538207963e-06 1.5783505431547087e-06
349 5.382945303931862 12.030385291964011 -3.6782824013393477e-06 9.141116848282744e-07
350 5.324910289552566 12.159485849047474 -3.8272448405210155e-06 1.7061570086844964e-07
351 5.2711942505788665 12.291323425625192 -3.9435311854472575e-06 -6.532040777695102e-07
352 5.221760850171741 12.425765234719078 -4.018898133202007e-06 -1.556427027399569e-06
353 5.176562517690201 12.562664772518943 -4.044146796416118e-06 -2.535586222613362e-06
354 5.135541903236765 12.701862528954212 -4.009216488022111e-06 -3.5839744921659195e-06
355 5.0986350639105265 12.843187552456158 -3.903327635846913e-06 -4.69074744390472e-06
356 5.065774235562323 12.986458857995176 -3.715251100959064e-06 -5.840069636449803e-06
357 5.036889434387917 13.131486224937479 -3.433719309223207e-06 -7.010309256676896e-06
358 5.011911846340991 13.278071906521797 -3.0480146440973178e-06 -8.173016421964528e-06
359 4.990776244548357 13.426011859034377 -2.548761640721056e-06 -9.292064629844965e-06
360 4.973422431401349 13.575096466270615 -1.9289029542305367e-06 -1.0323294239562243e-05
361 4.9597979385195154 13.725112025617797 -1.1849794532003627e-06 -1.1214249533191546e-05
362 4.949859582867976 13.875841630464448 -3.1864855268982337e-07 -1.1904524794552853e-05
363 4.943574389852613 14.027065727158876 6.617217225082704e-07 -1.2327235096673946e-05
364 4.940921136427849 14.178563330724351 1.7392493439280916e-06 -1.2411367454977104e-05
365 4.941890735063137 14.330112594476804 2.886786449680216e-06 -1.208551336212728e-05
366 4.946486456360127 14.481491328951343 4.0655788116160945e-06 -1.1283287056445963e-05
367 4.954724067692696 14.632478072002193 5.224374183753777e-06 -9.950308674781127e-06
368 4.966631061952502 14.782852587193723 6.299500322844812e-06 -8.052725255106395e-06
369 4.982246072584383 14.93239654212809 7.216371318007986e-06 -5.58684236996264e-06
370 5.001617548930865 15.080894651872859 7.892638071472112e-06 -2.5891525901652806e-06
371 5.0248021049066525 15.228135350246996 8.24342794358311e-06 8.54513474078024e-07
372 5.051863059942548 15.373911766419072 8.188758560732857e-06 4.6022826577353805e-06
373 5.082867887176649 15.51802311441639 7.662894531214637e-06 8.453782150963803e-06
374 5.117886111587823 15.660275587164149 6.625135680738063e-06 1.2154008199369595e-05
375 5.156987069197249 15.800483639750457 5.0709367852921035e-06 1.5405224036668414e-05
376 5.20023676448557 15.938471548921868 3.041854449133975e-06 1.7887898448411426e-05
377 5.24769577443701 16.074074375101493 6.325428760710792e-07 1.9290520207258875e-05
378 5.299416693989078 16.207139338102323 -2.0073000128497272e-06 1.9346752228564893e-05
379 5.355441281017273 16.337527194944734 -4.677851211418994e-06 1.7876386383330004e-05
380 5.415798819860566 16.46511299785612 -7.141856535474561e-06 1.4824857308218305e-05
381 5.480504032995457 16.589787153037687 -9.145444982753842e-06 1.0295049236868755e-05
382 5.549555311589199 16.71145617926369 -1.044592894243699e-05 4.5644596863811155e-06
383 5.622933918523023 16.830042992423415 -1.0843596132954596e-05 -1.918160601016668e-06
384 5.700603051056373 16.945487283176135 -1.0213648982461048e-05 -8.560652275581834e-06
385 5.782507531666302 17.057745424774563 -8.533410802332528e-06 -1.468026138953571e-05
386 5.868574168776436 17.166790000713867 -5.899619110509338e-06 -1.9577747781940948e-05
387 5.9587120346565285 17.272609532733625 -2.5315658790617555e-06 -2.2625187990975327e-05
388 6.052813422411788 17.375207620902128 1.2426004318452103e-06 -2.3355873574545847e-05
389 6.150755412308748 17.47460174304122 5.016721120805819e-06 -2.1542940453761814e-05
390 6.252400895217915 17.570822482578365 8.35210003559448e-06 -1.7253349714536503e-05
391 6.357600410526024 17.6639122177622 1.083243146850441e-05 -1.0866000644942989e-05
392 6.466194326961481 17.75392352474745 1.2120903185071657e-05 -3.0475164124531845e-06
393 6.5780141406930515 17.840918242972386 1.2011065260498796e-05 5.314805268138185e-06
394 6.692884633575182 17.924965987808992 1.0463332798771705e-05 1.3216559384417147e-05
395 6.810625957359474 18.006142632165965 7.620528410805854e-06 1.9663726300442204e-05
396 6.931054938917231 18.084529370450245 3.7986984779091527e-06 2.3806902498861026e-05
397 7.053986954965999 18.1602114134609 -5.469959640236299e-07 2.5062811064629674e-05
398 7.17923760601331 18.233276740044907 -4.877701260052761e-06 2.3204568705215936e-05
399 7.306623713180597 18.303815365852877 -8.64051791396522e-06 1.8405914619524293e-05
400 7.435964688258448 18.37191834747618 -1.1342861826906756e-05 1.1230970313353553e-05
401 7.567083672764571 18.43767688281564 -1.2620885670558822e-05 2.568995587782835e-06
402 7.699808139239451 18.501181838111094 -1.229188370848757e-05 -6.478248144710598e-06
403 7.833970716324328 18.562523088945593 -1.0382684388129808e-05 -1.4741503902721212e-05
404 7.969409830501693 18.62178894565886 -7.129381712139364e-06 -2.114133530067675e-05
405 8.105969979400106 18.679065899016585 -2.9479587615816374e-06 -2.4835406037763493e-05
406 8.243502091087636 18.73443825277463 1.6204310591800952e-06 -2.533448638510807e-05
407 8.381863746989932 18.787987828971907 5.981965940524323e-06 -2.2570404328828762e-05
408 8.520919283112095 18.839793824443795 9.570195968030228e-06 -1.690594694723904e-05
409 8.660539793623407 18.889932690026555 1.192231778417223e-05 -9.085179183375011e-06
410 8.800603083077554 18.938478026717057 1.2740852679080524e-05 -1.3141874960832833e-07
411 8.940993568398659 18.98550053075769 1.1932079682066835e-05 8.792456989287015e-06
412 9.081602220613336 19.031067991638494 9.616057435909455e-06 1.6541283187315113e-05
413 9.222326321240372 19.07524529946343 6.107201236506475e-06 2.21399406432337e-05
414 9.363069230267197 19.11809449444975 1.8686630575579996e-06 2.490949395789334e-05
415 9.503740123527184 19.159674839481013 -2.5524589532666047e-06 2.45499588855207e-05
416 9.644253952960193 19.200042832394384 -6.59946917323617e-06 2.116918760824102e-05
417 9.784531051750516 19.239252323206074 -9.779293726850658e-06 1.5255577318078978e-05
418 9.924496958506118 19.277354554599402 -1.172431924999695e-05 7.6004720142267344e-06
419 10.064081936181559 19.3143983702537 -1.2234697093327678e-05 -8.168440537742482e-07
420 10.20322087215248 19.350430254784584 -1.1296150270705427e-05 -8.963719932608878e-06
421 10.341853255700405 19.385494343311677 -9.072080775930697e-06 -1.5888470227264083e-05
422 10.479922635932082 19.419632629515224 -5.872606902316472e-06 -2.0835879712397708e-05
423 10.617376588389313 19.45288494627541 -2.1063654338465503e-06 -2.3329064026699334e-05
424 10.754166216153719 19.48528922184493 1.7770286056049386e-06 -2.3208837281345776e-05
425 10.890245959486942 19.516881568156975 5.345173314251423e-06 -2.0628631796419374e-05
426 11.025573595830629 19.547696280825235 8.233668943718868e-06 -1.6009553787940583e-05
427 11.160110215312026 19.577765850063354 1.018332016365349e-05 -9.965584593683971e-06
428 11.293819593645175 19.607121221680273 1.106010285496205e-05 -3.2122855174804494e-06
429 11.426668258319806 19.63579174785716 1.0857186375932041e-05 3.5268693129243185e-06
430 11.558625161123235 19.66380538059086 9.680991762201855e-06 9.603603319444387e-06
431 11.689661487816702 19.691188763702748 7.725247930351715e-06 1.4507769488759714e-05
432 11.819750658135371 19.717967232838728 5.238206384758004e-06 1.7904804136572424e-05
433 11.948868325788329 19.744164815469233 2.4883858514872805e-06 1.9646659353393276e-05
434 12.076992050704472 19.76980437936525 -2.665771757391049e-07 1.9759248182436704e-05
435 12.204101079393263 19.7949077101551 -2.8044983479562875e-06 1.8412147365858875e-05
436 12.33017638360152 19.819495526656095 -4.954765274495744e-06 1.5877653536330678e-05
437 12.455200373604761 19.84358763036799 -6.6057843717380135e-06 1.2486299785555045e-05
438 12.579156898086644 19.867202905531137 -7.7045682364789e-06 8.585058986249645e-06
439 12.702031244138974 19.89035931912652 -8.250256038290095e-06 4.50256677106612e-06
440 12.82381008820354 19.913073945292776 -8.283749648034222e-06 5.237359035090914e-07
441 12.944481114874463 19.935363140334104 -7.87554229690631e-06 -3.125410744750869e-06
442 13.064033203055326 19.957242447126237 -7.11352385500191e-06 -6.2837383022329085e-06
443 13.182456181931913 19.978726745075885 -6.092144229592166e-06 -8.85346049346813e-06
444 13.299740774011529 19.999830280705787 -4.903731660007093e-06 -1.0793128679208182e-05
445 13.415878595122997 20.02056666765467 -3.632122331026343e-06 -1.2107591474137671e-05
446 13.530862154416672 20.040948886677292 -2.3487701156256062e-06 -1.2836625840154423e-05
447 13.644684807229885 20.060989310683272 -1.1109770567094492e-06 -1.3043729589796716e-05
448 13.757340479584133 20.08069983796053 3.844316599167834e-08 -1.2806133042017885e-05
449 13.868823853536412 20.100091792088417 1.070183960921764e-06 -1.2206567308224416e-05
450 13.979130174575594 20.119176046701522 1.966708857266167e-06 -1.1326980031865536e-05
451 14.088255215731664 20.13796304603133 2.7203306849464373e-06 -1.0243982226940885e-05
452 14.196195277575715 20.156462804906198 3.3310736515212247e-06 -9.026089801355186e-06
453 14.302947188219951 20.174684908751374 3.8046427045507187e-06 -7.732321707715948e-06
454 14.408508303317687 20.19263851358898 4.1507157146718165e-06 -6.41161276811189e-06
455 14.512876371071533 20.210332421630724 4.3814379430866525e-06 -5.103183333111213e-06
456 14.61604948771133 20.227775090542046 4.510222026443701e-06 -3.8373494527284025e-06
457 14.718026171654719 20.244974605820353 4.5508579374805685e-06 -2.6364095052466542e-06
458 14.81880523024114 20.261938766787107 4.516846523590424e-06 -1.5158743493050498e-06
459 14.918385759537038 20.27867508670447 4.420950037937237e-06 -4.856538185300438e-07
460 15.016767144335876 20.295190792775323 4.274900198881332e-06 4.4897246924502994e-07
461 15.113949058158118 20.311492826143244 4.089248227111698e-06 1.2863180770260362e-06
462 15.209931463251236 20.327587841892527 3.873318007234059e-06 2.0273969422544423e-06
463 15.30471457179968 20.343482233545284 3.635203829498393e-06 2.67526994308668e-06
464 15.39829870961492 20.359182208172864 3.3818260380035357e-06 3.2344334053184055e-06
465 15.490684471728754 20.37469368771175 3.119025157121498e-06 3.71030956965816e-06
466 15.581872606074697 20.390022397479143 2.851663075671454e-06 4.108882880643548e-06
467 15.671863998736526 20.40517387620278 2.583736425592994e-06 4.436407839865283e-06
468 15.760659673948267 20.42015347602094 2.3184711685716036e-06 4.699185690399733e-06
469 15.848260794094198 20.434966362482445 2.058415914894667e-06 4.903402364015021e-06
470 15.934668659708858 20.44961751454667 1.8055531992058285e-06 5.055006028062501e-06
471 16.019884709477033 20.464111724583518 1.5614112033440708e-06 5.15963774800116e-06
472 16.10391051572307 20.478453601709358 1.327132585088771e-06 5.2225935670815115e-06
473 16.18674767005076 20.492647649784814 1.1034693161082396e-06 5.2487698045759475e-06
474 16.268397878421126 20.50669818753183 8.908891227701193e-07 5.24266107431305e-06
475 16.348862935601893 20.52060938203001 6.89669101970837e-07 5.208376274169573e-06
476 16.428144683721904 20.534385281857634 4.999198675014277e-07 5.149666018237496e-06
477 16.5062450122711 20.548029817091685 3.2164299624545334e-07 5.069972463901142e-06
478 16.583165858100543 20.561546799307813 1.546625099570632e-07 4.972341653438511e-06
479 16.658909205422386 20.57493992158037 -1.3466920836265701e-09 4.85940546185741e-06
480 16.733477085809902 20.588212758482396 -1.466978921761729e-07 4.733590903245859e-06
481 16.806871578197473 20.601368766085606 -2.817216109866693e-07 4.5971145950109e-06
482 16.87909480888058 20.614411281960415 -4.068098218250999e-07 4.451917280787014e-06
483 16.950148932155425 20.62734354200782 -5.223585448512857e-07 4.2997740617502515e-06
484 17.020036057689 20.64016873381529 -6.288187372599226e-07 4.142167564109779e-06
485 17.088758360353935 20.65288989842623 -7.266822601056629e-07 3.980277157858783e-06
486 17.156318020829556 20.665509995100713 -8.163778791979578e-07 3.815275199556235e-06
487 17.222717215636862 20.67803191072757 -8.983130576788103e-07 3.648254265781989e-06
488 17.287958117138515 20.690458459824374 -9.729119495616731e-07 3.4801022995832067e-06
489 17.35204289353884 20.70279238453746 -1.0405738406672077e-06 3.3116647610355614e-06
490 17.414973708883835 20.715036354641917 -1.1017039218055988e-06 3.1436064496442396e-06
491 17.476752723061153 20.727192967541583 -1.1567139312854417e-06 2.9763490877709174e-06
492 17.537382091800122 20.739264748269047 -1.2059679442178329e-06 2.8103861432337706e-06
493 17.596863966671734 20.75125414948566 -1.2498048779058214e-06 2.64621959457305e-06
494 17.655200495088646 20.76316355148152 -1.2885604531625628e-06 2.4841935977868075e-06
495 17.7123938196125 20.774995263016976 -1.3225474020071306e-06 2.324687581366409e-06
496 17.768446023409663 20.786751581401017 -1.3520682358579192e-06 2.168006859050366e-06
497 17.82335917483877 20.79843472487159 -1.3774177209648032e-06 2.014245334727175e-06
498 17.877135339836606 20.81004683239522 -1.3988632620851363e-06 1.863484461262738e-06
499 17.92977655345404 20.821590001822734 -1.4166566023743744e-06 1.7159296515124143e-06
500 17.981284819856015 20.833066289889285 -1.4310379706383323e-06 1.571737473734887e-06
501 18.03166211232157 20.84447771221433 -1.4422315280213007e-06 1.43096670025895e-06
502 18.080910373243814 20.85582624330166 -1.4504552323927515e-06 1.2937644877127611e-06
503 18.129031514129956 20.86711381653936 -1.4559152871593565e-06 1.1601981546746035e-06
504 18.17602741560127 20.878342324199842 -1.458793498904955e-06 1.030186009864394e-06
505 18.22189992739312 20.889513617439828 -1.4592528049276409e-06 9.036571988734344e-07
506 18.266650868354958 20.90062950630036 -1.457464954636434e-06 7.806759714806431e-07
507 18.310282026450313 20.91169175970679 -1.4535936730560289e-06 6.612853432919356e-07
508 18.352795158756802 20.922702105468794 -1.4477736412847305e-06 5.453991965166655e-07
509 18.39419199146612 20.933662230280348 -1.4401524634267168e-06 4.330533980612014e-07
510 18.434474219825322 20.944573779849257 -1.4308748179736683e-06 3.2428090234029377e-07
511 18.47364347656433 20.955438419750767 -1.4200537036275062e-06 2.189774146096066e-07
512 18.511701350476766 20.966257769828157 -1.4077844809501252e-06 1.1702207169811949e-07
513 18.54864940862365 20.977033377474054 -1.3941565695426979e-06 1.8320829977641574e-08
514 18.584489175316236 20.98776677090171 -1.3792888162488318e-06 -7.710425792273583e-08
515 18.619222132116008 20.99845945914501 -1.36328631459323e-06 -1.6927304229003557e-07
516 18.65284971783467 21.009112932058454 -1.3462105710002493e-06 -2.583235614452115e-07
517 18.685373328534165 21.019728660317185 -1.328158740188459e-06 -3.442630198531257e-07
518 18.716794317526666 21.030308095416967 -1.309234416333523e-06 -4.2708088298287544e-07
519 18.74711399537457 21.04085266967419 -1.289501702731355e-06 -5.068775232246019e-07
520 18.7763336298905 21.05136379622588 -1.2690120150535885e-06 -5.837618069431212e-07
521 18.804454446137324 21.061842869029675 -1.2478084806493003e-06 -6.578376715173193e-07
522 18.831477626428125 21.072291262863864 -1.2259392882297583e-06 -7.291797001663541e-07
523 18.85740431032622 21.08271033332735 -1.2034945229014377e-06 -7.977771003007473e-07
524 18.882235594645156 21.093101416839655 -1.180535755736093e-06 -8.636777934084572e-07
525 18.90597253344871 21.10346583064095 -1.1570687013060942e-06 -9.270239047458719e-07
526 18.928616138050888 21.113804872792024 -1.1331589056627752e-06 -9.878330663169212e-07
527 18.950167377015923 21.12411982217429 -1.1088863783986747e-06 -1.0461015780139477e-06
528 18.97062717615828 21.13441193848979 -1.0842847786358316e-06 -1.1019112732973697e-06
529 18.98999641854266 21.144682462261205 -1.0593789615705976e-06 -1.155347095385987e-06
530 19.00827594321859 21.154932619135426 -1.0341894077919313e-06 -1.2064887752615992e-06
531 19.02546652082857 21.16516368817581 -1.0087326553422527e-06 -1.2554105114551519e-06
532 19.04156888042042 21.175376892692423 -9.830282677178383e-07 -1.3021734278948838e-06
533 19.056583711444066 21.185573424825982 -9.571488108717718e-07 -1.3467765784114369e-06
534 19.070511657080058 21.19575447294216 -9.311420336480486e-07 -1.3892535169987043e-06
535 19.083353314239595 21.205921221631574 -9.049702317284855e-07 -1.429728424970464e-06
536 19.09510923356452 21.216074851709795 -8.786630032040421e-07 -1.4682381948488482e-06
537 19.105779919427317 21.226216540217337 -8.522942167723895e-07 -1.504774972382536e-06
538 19.115365829931097 21.23634746041967 -8.258889523127277e-07 -1.539390064512645e-06
539 19.123867376909633 21.24646878180721 -7.994579219554581e-07 -1.5721450654197777e-06
540 19.13128492592733 21.256581670095322 -7.730096937706623e-07 -1.6030974547423874e-06
541 19.137618796279224 21.266687287224325 -7.465509371692406e-07 -1.6323005354203354e-06
542 19.142869260991006 21.27678679135948 -7.200866589671183e-07 -1.659803400466263e-06
543 19.147036546819006 21.286881336891007 -6.936204300408543e-07 -1.6856509263071806e-06
544 19.15012083425019 21.296972074434066 -6.671658673323868e-07 -1.7098781679095046e-06
545 19.15212225750216 21.30706015082877 -6.407948918026019e-07 -1.73249232969107e-06
546 19.15304090452318 21.31714670914019 -6.145282618639039e-07 -1.7535335278221365e-06
547 19.15287681699213 21.327232888658326 -5.882890806026514e-07 -1.7730849073460718e-06
548 19.15162999031855 21.337319824898152 -5.620999908909595e-07 -1.7911690940293707e-06
549 19.149300373642607 21.347408649599576 -5.36033790964123e-07 -1.8077891116477073e-06
550 19.145887869835118 21.357500490727457 -5.101044700992993e-07 -1.8229830344849334e-06
551 19.141392335148506 21.36759648429433 -4.843150195389418e-07 -1.8367916763643985e-06
552 19.135813574080082 21.377697823593113 -4.586675533735558e-07 -1.8492530383034745e-06
553 19.129151341103487 21.387805645628177 -4.3316343458079743e-07 -1.86040233847841e-06
554 19.121405344887535 21.397921084558405 -4.078033954697639e-07 -1.8702720533260008e-06
555 19.11257524836566 21.40804528428204 -3.8258765252472933e-07 -1.8788919688444592e-06
556 19.102660668735908 21.41817939843668 -3.575160156664046e-07 -1.8862892412558263e-06
557 19.09166117746094 21.428324590399313 -3.325879920889881e-07 -1.8924884661905388e-06
558 19.079576300268027 21.438482033286267 -3.0780306251783373e-07 -1.8975117673409063e-06
559 19.066405517149065 21.448652909953253 -2.832199435754345e-07 -1.901385666725668e-06
560 19.05214826236055 21.45883841299534 -2.5889327867007817e-07 -1.9041451792534397e-06
561 19.036803924423605 21.46903974474697 -2.3473233516684488e-07 -1.9058141021029672e-06
562 19.02037184612396 21.47925811728194 -2.1067684941180427e-07 -1.9064026567570903e-06
563 19.002851324511965 21.489494752413417 -1.868024896685221e-07 -1.9059315912951704e-06
564 18.98424161090258 21.499750881693938 -1.6315881740325755e-07 -1.9044298979051981e-06
565 18.964541910875376 21.510027746415403 -1.397458209357515e-07 -1.901923943580723e-06
566 18.943751384274545 21.52032659760908 -1.1656317955416307e-07 -1.89843837551662e-06
567 18.92186914520889 21.530648696045596 -9.361032380538403e-08 -1.8939961609774816e-06
568 18.898894262051833 21.540995312234948 -7.088649292509228e-08 -1.8886186311799398e-06
569 18.874825757441403 21.5513677264265 -4.8390789450960105e-08 -1.8823255288442572e-06
570 18.849662608280248 21.56176722860898 -2.6122231021442975e-08 -1.8751350590787532e-06
571 18.823403745829058 21.57219511877888 -4.079799457239164e-09 -1.8670639432943588e-06
572 18.79604808007945 21.582652783177313 1.7737512876334755e-08 -1.8581274758555904e-06
573 18.767594459966773 21.593141595840116 3.9330659294552455e-08 -1.8483395832361374e-06
574 18.738041670209377 21.603662892346673 6.070049763131537e-08 -1.8377128853811278e-06
575 18.707388456483397 21.61421803727174 8.184775164043389e-08 -1.8262587590664936e-06
576 18.675633525422754 21.624808424185442 1.0277297481593297e-07 -1.8139874030684115e-06
577 18.64277554461916 21.635435475653264 1.2347651670928898e-07 -1.8009079048761064e-06
578 18.60881314262211 21.646100643236064 1.4392612648258317e-07 -1.787057383899988e-06
579 18.57374490893889 21.656805407490065 1.6405570698275546e-07 -1.772510458527372e-06
580 18.53756939403457 21.667551277966865 1.839070785821324e-07 -1.7572525819856176e-06
581 18.50028510933201 21.678339793213418 2.0357733014455864e-07 -1.7412080320875238e-06
582 18.46189052721186 21.689172520772047 2.2303169150386697e-07 -1.7244099242869374e-06
583 18.422384081012545 21.700051057180453 2.422131050413602e-07 -1.706918832613158e-06
584 18.381764165030287 21.71097702797169 2.611212926099447e-07 -1.6887493627694428e-06
585 18.340029134519096 21.72195208767419 2.7975717390926004e-07 -1.6699141520974854e-06
586 18.297177305690767 21.732977919811745 2.981216258467667e-07 -1.650424933175086e-06
587 18.253206955714877 21.74405623690352 3.162154578977949e-07 -1.6302925692616467e-06
588 18.208116322718798 21.75518878046405 3.340393887742659e-07 -1.6095270908379538e-06
589 18.161903605787685 21.766377321003223 3.5159402432445054e-07 -1.5881377332091278e-06
590 18.114566964964485 21.777623658026307 3.6887983655970846e-07 -1.5661329751860296e-06
591 18.066104521249922 21.788929620033933 3.8589714394171375e-07 -1.5435205785721204e-06
592 18.016514358025198 21.800297066708218 4.0264609282151024e-07 -1.5203076284888437e-06
593 17.96579458457412 21.811727990441288 4.1912663999243516e-07 -1.496500574491499e-06
594 17.913943247169936 21.823224386141106 4.3533853640809954e-07 -1.4721052723140615e-06
595 17.86095833679297 21.83478825220579 4.5128131197024563e-07 -1.4471270262969398e-06
596 17.80683782762137 21.846421647492143 4.6695426145443395e-07 -1.4215706322974215e-06
597 17.751579677031085 21.85812669131569 4.823564314949686e-07 -1.3954404211350638e-06
598 17.695181825595895 21.869905563450637 4.974771126610303e-07 -1.3687593093160162e-06
599 17.63764219708739 21.881760504129907 5.122765195686744e-07 -1.3416127965972923e-06
600 17.578958698474985 21.893693814045115 5.267623533002942e-07 -1.3139984450145654e-06
601 17.519129219925905 21.90570785434658 5.409972111461697e-07 -1.2857969071174017e-06
602 17.458151634805187 21.917805046643323 5.549707772298923e-07 -1.2570247965886698e-06
603 17.396023799675696 21.929987873003068 5.68643685701527e-07 -1.2277620489846994e-06
604 17.33274355429811 21.942258875952238 5.820122072379354e-07 -1.198023017577425e-06
605 17.26830872163092 21.95462065847595 5.950763459362091e-07 -1.1678140418669523e-06
606 17.20271710783044 21.967075884018037 6.078359436667081e-07 -1.1371409426667303e-06
607 17.1359665028405 21.97962727706262 6.202906650875706e-07 -1.1060090510906732e-06
608 17.06805476392487 21.992277706767826 6.32439983280688e-07 -1.0744232384798501e-06
609 16.998979721795752 22.005030097061876 6.442831659811442e-07 -1.0423879473243653e-06
610 16.928739173964587 22.017887416355222 6.558192624574752e-07 -1.0099072230235423e-06
611 16.857330949660135 22.03085274064479 6.670470909960727e-07 -9.769847465726685e-07
612 16.78475290982846 22.04392925351398 6.779652270138561e-07 -9.436238681450725e-07
613 16.71100294713294 22.057120246132687 6.885719918125208e-07 -9.098276414875716e-07
614 16.636078985954278 22.070429117257284 6.988654419558238e-07 -8.755988592042585e-07
615 16.559978982390476 22.08385937323062 7.088433592981219e-07 -8.409400888640122e-07
616 16.48270092425685 22.09741462798203 7.185032416757368e-07 -8.058537098786043e-07
617 16.404242831086037 22.11109860302733 7.278422942305195e-07 -7.703419512912653e-07
618 16.324602754127977 22.124915127468817 7.36848808978658e-07 -7.344449965478129e-07
619 16.243778776349934 22.138868137995274 7.455001113591386e-07 -6.982606858059351e-07
620 16.161769048431065 22.15296170727284 7.538113155123151e-07 -6.617290577217989e-07
621 16.078571876485796 22.167200113840572 7.618161394886747e-07 -6.246894502396423e-07
622 15.994185535090011 22.181587694366286 7.694949754549567e-07 -5.872028411350286e-07
623 15.908608407321125 22.19612895290064 7.768203470747965e-07 -5.493791686067475e-07
624 15.821839001072616 22.210828573690723 7.837899008152982e-07 -5.112272549110926e-07
625 15.733875949054001 22.225691421180034 7.904021947941495e-07 -4.7275056931357466e-07
626 15.644718008790848 22.24072254000851 7.966554979392504e-07 -4.3395224164760864e-07
627 15.554364062624773 22.255927155012497 8.025477737073038e-07 -3.948351002652762e-07
628 15.462813117713434 22.27131067122477 8.080766643918315e-07 -3.5540171177612695e-07
629 15.370064306030548 22.286878673874533 8.132394760419228e-07 -3.156544226515668e-07
630 15.276116884375648 22.302636928394044 8.180331640253772e-07 -2.7559540270285566e-07
631 15.180970368658974 22.31859147120142 8.224543192774433e-07 -2.3522669035489657e-07
632 15.084624458697338 22.33474855712756 8.264991552640465e-07 -1.9455023978081384e-07
633 14.987079003078774 22.351114636215804 8.301634956927369e-07 -1.5356797000611998e-07
634 14.888334137872379 22.367696448230728 8.334427630210138e-07 -1.1228181583962773e-07
635 14.788390286628315 22.384501022658167 8.363319678075082e-07 -7.06937806774704e-08
636 14.687248160377813 22.401535678705226 8.388256989413706e-07 -2.880599127179156e-08
637 14.584908757633166 22.41880802530025 8.409181148047212e-07 1.3379245604295902e-08
638 14.481373364387734 22.436325961092855 8.426029354210215e-07 5.58593845325904e-08
639 14.37664355411594 22.454097674453905 8.438722152202338e-07 9.857166783264443e-08
640 14.270721294882195 22.472131708352535 8.447187376324061e-07 1.4133338471886988e-07
641 14.163609030994891 22.490437005738265 8.451445759770273e-07 1.842577476954236e-07
642 14.055309518898612 22.509022810813345 8.451492966413707e-07 2.2767960798844572e-07
643 13.94582606287411 22.527898815167248 8.447176090985078e-07 2.714880664629073e-07
644 13.835162521585223 22.547075161791938 8.438373322167928e-07 3.154547574480676e-07
645 13.72332330807888 22.566562445081843 8.425048289540066e-07 3.5956136794248176e-07
646 13.610313389785109 22.586371710833888 8.40716371482966e-07 4.038055791385283e-07
647 13.49613828851702 22.606514456247464 8.384676369328336e-07 4.48185161361429e-07
648 13.380804180617798 22.62700268663442 8.357536852937283e-07 4.926978873645376e-07
649 13.264318104902472 22.647849025489315 8.325689388938079e-07 5.373414413944707e-07
650 13.146687664105738 22.669066541969638 8.289071635670026e-07 5.821133239457699e-07
651 13.027921429289261 22.69066898700086 8.247614516282225e-07 6.270107522293267e-07
652 12.908028971769767 22.712670811672005 8.201242067745946e-07 6.720305564308221e-07
653 12.787020863119043 22.735087167235665 8.149871310661472e-07 7.171690715345911e-07
654 12.664908675163934 22.757933905107976 8.093412141176146e-07 7.624220248182668e-07
655 12.541704979986342 22.781227576868645 8.031767246493584e-07 8.077844191092516e-07
656 12.41742343562177 22.804985478964934 7.964832045792244e-07 8.532504115875568e-07
657 12.292079262973198 22.829225889909655 7.892494658002396e-07 8.988131883761916e-07
658 12.165688799018325 22.853967829566034 7.814635898555143e-07 9.444648347667437e-07
659 12.038270008325261 22.879231342124523 7.731129306882121e-07 9.901962011974624e-07
660 11.909842576950744 22.905037546392993 7.641841206542104e-07 1.0359967651722246e-06
661 11.78042791244012 22.93140863579673 7.546780659113076e-07 1.0817816309860082e-06
662 11.650049143827356 22.958367878378414 7.446280230552775e-07 1.1273304372630736e-06
663 11.518731129763797 22.98593962080685 7.340126453444715e-07 1.1727175711043376e-06
664 11.386501029509427 23.014149558222822 7.227549867425413e-07 1.2182514291562366e-06
665 11.253388136858232 23.043024624967426 7.108557299346238e-07 1.263825069185761e-06
666 11.119424176842735 23.072593165112007 6.98342935637528e-07 1.3092246790877369e-06
667 10.98464363368646 23.102885100324162 6.852083457458726e-07 1.3544330763118058e-06
668 10.849083750803938 23.13393192986778 6.714403037937718e-07 1.3994430676994639e-06
669 10.712784530800699 23.165766730603018 6.570259371029604e-07 1.4442458904914213e-06
670 10.575788827107367 23.19842419836368 6.419511613079288e-07 1.4888309652675256e-06
671 10.438143127137453 23.231940973389715 6.262006917270347e-07 1.5331856405722101e-06
672 10.299897236975363 23.26635547289363 6.097580620534175e-07 1.577294929404143e-06
673 10.16110493843372 23.301708228918915 5.926056508312959e-07 1.6211412378908932e-06
674 10.021824136565371 23.338041959039717 5.747247162604034e-07 1.6647040863986841e-06
675 9.882116859663409 23.37540156636083 5.560954398997164e-07 1.707959823397129e-06
676 9.742049262691566 23.413834140766983 5.366969798422316e-07 1.7508813325816915e-06
677 9.601692305235131 23.453389194686466 5.165455629097286e-07 1.7933527640584578e-06
678 9.461122113327182 23.494118774655224 4.956739317671778e-07 1.8352332575026671e-06
679 9.320420058032413 23.536077528745995 4.7401860044779726e-07 1.8766079134872838e-06
680 9.179673061252721 23.579322826804926 4.5150820067151325e-07 1.9175568508184287e-06
681 9.038973595727194 23.623914760451584 4.281768127771101e-07 1.957915858972017e-06
682 8.898419902606589 23.6699161868061 4.040506868560709e-07 1.99755434054981e-06
683 8.758116711986323 23.7173928934865 3.791091477491792e-07 2.036448434078789e-06
684 8.618175104445182 23.76641355711658 3.5332975361016135e-07 2.074569503032861e-06
685 8.478712656682497 23.817049751189327 3.2668847330330703e-07 2.111883465792121e-06
686 8.339853474448253 23.869375935575466 2.991598144413759e-07 2.1483502790513092e-06
687 8.201728539897207 23.923469414317488 2.7071697264429556e-07 2.183923413568486e-06
688 8.064475658305835 23.979410218581183 2.413320034119992e-07 2.2185493238731846e-06
689 7.928239233162327 24.037280908533827 2.1097699711535706e-07 2.2521656899116655e-06
690 7.793170213230501 24.097166464728645 1.7968654127641093e-07 2.2846279246509357e-06
691 7.659426109725869 24.15915403548238 1.4748899963094582e-07 2.3158075627767623e-06
692 7.527170335949422 24.223332438236294 1.1429183315407723e-07 2.345725355598887e-06
693 7.396571741995388 24.289791815150483 8.005678008029767e-08 2.374319023390036e-06
694 7.267804258850655 24.35862324835383 4.484312428598217e-08 2.401409177067303e-06
695 7.141046174857871 24.4299180736957 8.660369655755267e-09 2.426885221524155e-06
696 7.016478768602143 24.503766956372775 -2.8522949715680104e-08 2.4506776933615844e-06
697 6.89428572245548 24.580259434089438 -6.673941951731657e-08 2.472705140218784e-06
698 6.774651854500853 24.659482879643445 -1.0602231060001798e-07 2.4928732656068426e-06
699 6.6577613229341726 24.741521257492458 -1.464050928351019e-07 2.5110740872021564e-06
700 6.543796460831786 24.826454291527533 -1.8791198230186135e-07 2.5271802098703533e-06
701 6.432936114730237 24.914356232966323 -2.3048660124508618e-07 2.541012238926237e-06
702 6.3253534457601095 25.005294320277883 -2.7410976532205993e-07 2.5524153772958852e-06
703 6.221214494307708 25.09932775485113 -3.1887498256804117e-07 2.5612920923420582e-06
704 6.120676203295679 25.19650630163203 -3.647592629911481e-07 2.5674699985078634e-06
705 6.02388423604724 25.296868723969997 -4.1168648902867484e-07 2.570751033577367e-06
706 5.930971652966417 25.400441811073225 -4.5966914463907525e-07 2.5709817628019388e-06
707 5.842057024859331 25.50723904841464 -5.087397971998889e-07 2.5679997925126454e-06
708 5.757242911419949 25.617259415030553 -5.589284020315801e-07 2.561619439111649e-06
709 5.676615045996309 25.73048672271502 -6.102599679243807e-07 2.551630724159041e-06
710 5.600241203409192 25.846888751846688 -6.626804012228052e-07 2.537803148618188e-06
711 5.528170944328412 25.966416777522095 -7.161204595537203e-07 2.5199011447745584e-06
712 5.4604356426403085 26.089005434286967 -7.706127820166517e-07 2.4976845073593906e-06
713 5.397048565627965 26.21457257242347 -8.261233850620503e-07 2.4709008617561454e-06
714 5.338006342431269 26.343019812131374 -8.825422118097757e-07 2.43929598668733e-06
715 5.283289778970334 26.47423287690569 -9.398357213768257e-07 2.402603741213363e-06
716 5.232865391707714 26.60808229698141 -9.980096972878603e-07 2.3605252368485053e-06
717 5.1866878731384825 26.744424576847695 -1.0570579213567844e-06 2.312724953914961e-06
718 5.144702276036248 26.88310329195042 -1.1169018314524594e-06 2.258866181673578e-06
719 5.1068457936703595 27.02394995964026 -1.1774064640176823e-06 2.1986209378955244e-06
720 5.073051088761328 27.166785691391414 -1.2384983584615172e-06 2.131614843865217e-06
721 5.043248886919372 27.311422509734225 -1.300074870257649e-06 2.0574734007860985e-06
722 5.017369664641743 27.45766418784156 -1.3619530793152737e-06 1.9758557604151474e-06
723 4.995346988202779 27.60530795813899 -1.42400763316914e-06 1.8863601340083779e-06
724 4.977119674159817 27.75414561016544 -1.4861546972473139e-06 1.7885044670589096e-06
725 4.962633069369788 27.903964151510646 -1.5482495859978713e-06 1.6817979165731595e-06
726 4.95184164041236 28.054547299958884 -1.6100441465393767e-06 1.5658127487349878e-06
727 4.9447101617249265 28.205676229894937 -1.6713027525359773e-06 1.440063002116341e-06
728 4.941214429943234 28.357130062490565 -1.7317916046378384e-06 1.3040255477019338e-06
729 4.941342541460996 28.50868707223218 -1.7911461106565431e-06 1.157318749181349e-06
730 4.945094952765044 28.660125256118032 -1.8490258504215505e-06 9.994880785716537e-07
731 4.952484443326988 28.811222756990293 -1.9051515096336045e-06 8.299071325579689e-07
732 4.963535983288457 28.9617589874097 -1.9591743733296855e-06 6.4792830272589e-07
733 4.978285598570205 29.111515265026252 -2.0105987204329756e-06 4.530805788117206e-07
734 4.996779574039524 29.26027535012907 -2.058865652010671e-06 2.449283741825354e-07
735 5.019072970828072 29.407826724347817 -2.1034296761276484e-06 2.2926047296876963e-08
736 5.045227453210612 29.553961512032757 -2.1436257798556648e-06 -2.1326292579483053e-07
737 5.075309857783807 29.698477229683643 -2.178737942475198e-06 -4.6396526601102765e-07
738 5.109389624085578 29.841178330883995 -2.2080527016396186e-06 -7.297089611049234e-07
739 5.147535991118858 29.981877434077795 -2.2307389487715953e-06 -1.0109336258598827e-06
740 5.189816209238304 30.12039622906153 -2.2458085330289703e-06 -1.3077633109162843e-06
741 5.236292455189065 30.256567153663216 -2.25218027829688e-06 -1.620195282043467e-06
742 5.287019043538878 30.39023467157918 -2.248707990282824e-06 -1.9481504135229817e-06
743 5.342040722079545 30.521256125435702 -2.2341338640782078e-06 -2.2912427050879834e-06
744 5.401389890067716 30.649503175518266 -2.207104493006913e-06 -2.6490289299736997e-06
745 5.465084552271588 30.77486270413074 -2.1661470220834243e-06 -3.0209728499902176e-06
746 5.533127222031281 30.89723731657 -2.109631679794819e-06 -3.405959882902091e-06
747 5.605503183111106 31.016546153254623 -2.035803565764117e-06 -3.8023779667981745e-06
748 5.682179798899243 31.132725002065534 -1.942819213188472e-06 -4.2082454165866815e-06
749 5.76310628579457 31.24572629105258 -1.8287596094891163e-06 -4.620940908776206e-06
750 5.848213465672419 31.35551901693838 -1.6916092788000006e-06 -5.037296322518483e-06
751 5.937414493099392 31.462088027303388 -1.5292532356069412e-06 -5.453540509708257e-06
752 6.030605622232058 31.565433358428002 -1.3395490636611366e-06 -5.864823256220746e-06
753 6.127667140935193 31.665569509796473 -1.1204122010771749e-06 -6.265134577227653e-06
754 6.228465047513714 31.762524182207795 -8.698566146061879e-07 -6.647448718162703e-06
755 6.332852915862741 31.85633688044058 -5.860652977231654e-07 -7.00352574458765e-06
756 6.4406730351717485 31.947058109697615 -2.675099702137521e-07 -7.323647108231716e-06
757 6.551758751449257 32.03474773649165 8.689394529036323e-08 -7.596508175998067e-06
758 6.665936505162958 32.11947349160131 4.776137572917979e-07 -7.809162093117716e-06
759 6.783027161354069 32.201310035025635 9.04286439369023e-07 -7.946989585701708e-06
760 6.902848136209794 32.2803374786758 1.36544095604676e-06 -7.993658861174877e-06
761 7.025215199444684 32.35664005195245 1.8582184148842977e-06 -7.931240871620395e-06
762 7.149943616315523 32.43030528648478 2.3780404865519195e-06 -7.740473399502952e-06
763 7.276849796343692 32.50142283616266 2.9181852926559727e-06 -7.4011640767507135e-06
764 7.405752596307021 32.570083474108564 3.4693806829547503e-06 -6.892839186030698e-06
765 7.536474096198704 32.63637851060112 4.0194602324492374e-06 -6.195643001508826e-06
766 7.668840674415267 32.7003989689912 4.552938291546476e-06 -5.291637983152751e-06
767 7.802683810221971 32.7622349122675 5.0506635241791305e-06 -4.166515175425527e-06
768 7.937840481449254 32.8219751040499 5.489760462091069e-06 -2.811561271404439e-06
769 8.074153713230896 32.87970651893274 5.8436693427057e-06 -1.2262307373779192e-06
770 8.211472965086584 32.93551393691858 6.0825009971324725e-06 5.788341548841841e-07
771 8.3496542652905 32.98947978789349 6.173957555565557e-06 2.5788213778537344e-06
772 8.488560359910077 33.041683915695096 6.084736547038443e-06 4.731468821684822e-06
773 8.628060748249716 33.09220341372068 5.782610260660131e-06 6.973990653289879e-06
774 8.768031696199872 33.14111253228627 5.239281105995203e-06 9.221095976213453e-06
775 8.908356137956392 33.188482649644364 4.43397506214139e-06 1.1364096299563242e-05
776 9.04892353837246 33.23438222842263 3.3576884540057335e-06 1.3272067140249772e-05
777 9.189629646187212 33.27887684770486 2.0177829867747085e-06 1.4796084288603046e-05
778 9.330376425827746 33.3220292087145 4.4258848399731147e-07 1.5776749289638873e-05
779 9.471071821736967 33.36389919441574 -1.3146723122301675e-06 1.6055729367578576e-05
780 9.611629509823162 33.40454390920523 -3.173491858528812e-06 1.5491391955715203e-05
781 9.751968511409972 33.4440178286945 -5.026021080733698e-06 1.3977734364079223e-05
782 9.892013012058348 33.48237286508548 -6.740332846977363e-06 1.1465366376948046e-05
783 10.031692329823018 33.51965837989199 -8.167740601159011e-06 7.982192154128606e-06
784 10.170940415892835 33.55592136021522 -9.154467776668177e-06 3.6505783237304715e-06
785 10.309695783234238 33.59120641853923 -9.557371250391191e-06 -1.3025345855752178e-06
786 10.447900961706818 33.62555605404456 -9.262646779520634e-06 -6.546324210683336e-06
787 10.585502356357539 33.659010715288645 -8.20559483837258e-06 -1.1660977575844493e-05
788 10.722450247420724 33.6916088002058 -6.3886859573666875e-06 -1.6168072592491678e-05
789 10.858698639819668 33.723386720267165 -3.89474459249284e-06 -1.9575888377183945e-05
790 10.994204612339598 33.754379148432896 -8.919926559090182e-07 -2.1436791705802197e-05
791 11.128928495884258 33.78461894971088 2.371633751757597e-06 -2.1410115887790046e-05
792 11.262833331867261 33.814137457072256 5.586332490017971e-06 -1.9322112990398724e-05
793 11.395884819263214 33.842964495991446 8.410121318936927e-06 -1.5213368126722544e-05
794 11.52805131460773 33.87112838444616 1.0507848102268389e-05 -9.363852678898915e-06
795 11.65930378818381 33.89865595289053 1.1595189402638985e-05 -2.2880650466631334e-06
796 11.78961522195898 33.925572801190725 1.1481597359758447e-05 5.303525305432155e-06
797 11.918960776973533 33.95190321436592 1.0105454182424955e-05 1.2575666933372014e-05
798 12.047317470976623 33.977670351695004 7.5551424068179846e-06 1.866549122861256e-05
799 12.174664053994615 34.00289630801969 4.071112955879668e-06 2.2793890395885823e-05
800 12.300981008331092 34.02760211374451 2.664781656904066e-08 2.4375876652254935e-05
801 12.42625054856685 34.05180773483676 -4.111842332130626e-06 2.3113142054884837e-05
802 12.55045635472854 34.07553219844379 -7.84084437666546e-06 1.9053462565531582e-05
803 12.673583396067828 34.09879365550286 -1.0684988364587549e-05 1.2605474449446309e-05
804 12.795617981863066 34.12160938394475 -1.2262512302003878e-05 4.503487002941122e-06
805 12.916547514899362 34.14399592234444 -1.2341267774525151e-05 -4.275564148411582e-06
806 13.036360491247372 34.165969070032176 -1.0876516438364511e-05 -1.263353199599962e-05
807 13.155046500263293 34.18754388709351 -8.02409318482319e-06 -1.949489354146507e-05
808 13.272596215320444 34.20873469925068 -4.125935546394811e-06 -2.39530443964205e-05
809 13.389001097685643 34.22955524362261 3.3092438880297245e-07 -2.539787799684505e-05
810 13.50425348583758 34.25001860796093 4.776854851702956e-06 -2.360556371076412e-05
811 13.61834648392997 34.270137315189615 8.635158666547646e-06 -1.877659795196987e-05
812 13.731273856796799 34.28992338310325 1.1400076204331666e-05 -1.1515429859534961e-05
813 13.84303002995232 34.309388324367035 1.2706145085764468e-05 -2.7535617953126413e-06
814 13.95361008959106 34.32854314651679 1.2378847380311504e-05 6.373638317552408e-06
815 14.063009782587814 34.347398351958944 1.0459157173989404e-05 1.4679374369439989e-05
816 14.171225373588339 34.365964015392535 7.198362357458342e-06 2.1085490474272097e-05
817 14.278253570371673 34.38424980809671 3.0238040024270415e-06 2.4767502463819353e-05
818 14.384091609422226 34.40226496607388 -1.5195233110011104e-06 2.5264106789708838e-05
819 14.488737102511296 34.4200183858865 -5.843083085439046e-06 2.253580836546415e-05
820 14.592188036167496 34.43751862496398 -9.394055745683818e-06 1.6964944155281608e-05
821 14.69444277167676 34.45477390160265 -1.1728449041673786e-05 9.297943559560054e-06
822 14.79550004508234 34.47179209496577 -1.2567875707385106e-05 5.389550202788697e-07
823 14.895358967184801 34.48858074508356 -1.1832423311269743e-05 -8.18912280670831e-06
824 14.994018914757728 34.50514711728639 -9.645610774312172e-06 -1.5795736358601333e-05
825 15.091479489561417 34.5214982118258 -6.3116189457701735e-06 -2.136441749121494e-05
826 15.187740604529973 34.53764072400889 -2.269016109430035e-06 -2.426565523219836e-05
827 15.282802364732898 34.5535811256176 1.9715743387897792e-06 -2.4226272521018767e-05
828 15.376665066911004 34.56932566520305 5.89643215093105e-06 -2.1347754521571125e-05
829 15.469329199476409 34.584880368085535 9.05433283477215e-06 -1.6073682934665627e-05
830 15.560795442512541 34.60025103635455 1.1109879540532462e-05 -9.113795906919597e-06
831 15.651064667774136 34.61544324886874 1.1878006407430805e-05 -1.3381103948015424e-06
832 15.740137938666903 34.63046236127038 1.1336237272956562e-05 6.342067153346934e-06
833 15.828016411231431 34.645313571450366 9.614830036525594e-06 1.308884578863903e-05
834 15.914701351903254 34.66000189336927 6.968124507524706e-06 1.8232752011407716e-05
835 16.000194184988622 34.67453213723432 3.732800969390398e-06 2.133700915503181e-05
836 16.08449641384995 34.68890896978966 2.8013539108421564e-07 2.222563207447243e-05
837 16.16760962090584 34.70313691431628 -3.030624829325988e-06 2.0975651122933364e-05
838 16.24953546763104 34.7172203506321 -5.891682778085005e-06 1.7879016853065668e-05
839 16.33027569455649 34.731163515091886 -8.074592736224884e-06 1.3383354039677929e-05
840 16.409832121269297 34.74497050058732 -9.444671364413007e-06 8.022308428305487e-06
841 16.488206646412724 34.75864525654697 -9.962124212712555e-06 2.3462930542640162e-06
842 16.565401247686225 34.77219158893628 -9.671924863335598e-06 -3.1375093867680234e-06
843 16.64141792153175 34.785613207202864 -8.685726548003312e-06 -8.010058147832442e-06
844 16.71625867450268 34.798913717622185 -7.1595868394218176e-06 -1.1967261045036027e-05
845 16.789925595484394 34.81209657438674 -5.271046532265299e-06 -1.4829069805615149e-05
846 16.862420787098593 34.82516514215459 -3.198469915941407e-06 -1.6533507488548125e-05
847 16.93374636533768 34.83812269635634 -1.10466819318158e-06 -1.7119503631390982e-05
848 17.00390445956478 34.850972423195216 8.743608716374216e-07 -1.6703191401902485e-05
849 17.07289721251375 34.86371741964697 2.6354496399012324e-06 -1.5451949527252058e-05
850 17.140726780289153 34.87636069345994 4.109657074004701e-06 -1.3559619980129569e-05
851 17.207395332366282 34.888905163155044 5.260198271399775e-06 -1.1225169068857959e-05
852 17.27290505159114 34.901353658025776 6.077924811163179e-06 -8.636324355407811e-06
853 17.337258134180466 34.913708918138184 6.575519447350199e-06 -5.958489148543308e-06
854 17.400456785980705 34.92597359821826 6.781417379288949e-06 -3.328226676953296e-06
855 17.462503152972275 34.938150332668506 6.734053197846288e-06 -8.510495888512637e-07
856 17.52339939701956 34.950241647078755 6.476898142473974e-06 1.3976444181598054e-06
857 17.583147680676774 34.96224998847365 6.0544753729874475e-06 3.369905234974973e-06
858 17.64175014434318 34.974177751311 5.509457444899447e-06 5.041085201162424e-06
859 17.699208906263078 34.98602727748173 4.880736354788018e-06 6.4051985276047395e-06
860 17.755526062525814 34.997800856309944 4.202230065034128e-06 7.47056844460189e-06
861 17.81070368706577 35.00950072455285 3.5024379151456957e-06 8.255654016208562e-06
862 17.864743831662388 35.02112906640083 2.804459593532142e-06 8.785471781858946e-06
863 17.917648525940127 35.0326880134774 2.1262492831001432e-06 9.088755519366651e-06
864 17.969419777368508 35.04417964483921 1.4811831593256968e-06 9.195682744499644e-06
865 18.020059571262088 35.055605986976055 8.786869292824593e-07 9.136201224770491e-06
866 18.069569870780466 35.06696901381089 3.248239064349751e-07 8.938854747416673e-06
867 18.117952616928285 35.0782706466998 -1.770406394852278e-07 8.630044472383625e-06
868 18.16520972233582 35.08951276415011 -6.256607878088918e-07 8.233612110266568e-06
869 18.211343025477454 35.10069726128952 -1.0214500172982697e-06 7.770612457992676e-06
870 18.256354356970146 35.11182593637716 -1.3660296786907524e-06 7.259322005269853e-06
871 18.300245517843422 35.12290054344033 -1.6618601668700738e-06 6.715374588448888e-06
872 18.343018269936856 35.13392280911775 -1.911975909885214e-06 6.1519195982279184e-06
873 18.384674335900066 35.14489443265952 -2.119752298388025e-06 5.5798444426689294e-06
874 18.42521539919272 35.155817085927175 -2.28872108714784e-06 5.008026534830116e-06
875 18.464643104084537 35.16669241339364 -2.422442957533417e-06 4.443583235371014e-06
876 18.50295905565528 35.177522032143244 -2.5244135991730766e-06 3.892143598670365e-06
877 18.54016481979476 35.188307531871736 -2.5979937552491944e-06 3.358055765605225e-06
878 18.576261923202846 35.199050474886256 -2.6463570218741427e-06 2.8445109345750732e-06
879 18.61125185338944 35.209752396105365 -2.672464297525371e-06 2.353773619487904e-06
880 18.645136058674503 35.22041480305902 -2.679058052193348e-06 1.8874162243274489e-06
881 18.67791594818804 35.23103917588858 -2.6686661526038587e-06 1.4464538310181684e-06
882 18.709592891870106 35.24162696734683 -2.6435878226190664e-06 1.0313621662080857e-06
883 18.740168220470803 35.25217960279795 -2.6058669909263506e-06 6.420857317901142e-07
884 18.76964322555028 35.262698480217516 -2.5573499932205043e-06 2.783163331939801e-07
885 18.798019159478734 35.273184970192524 -2.4997109030886117e-06 -6.04110108377734e-08
886 18.825297217105476 35.283640468754975 -2.4344488817247024e-06 -3.7474809863567173e-07
887 18.8514785364507 35.29406635934822 -2.3629263318725928e-06 -6.654376442865548e-07
888 18.87656422597665 35.3044639494348 -2.286298343772455e-06 -9.334472896285935e-07
889 18.90055534874581 35.314834536855784 -2.205519097444388e-06 -1.1798978789046867e-06
890 18.92345292237949 35.32517940997291 -2.1214995761791196e-06 -1.4057846123637725e-06
891 18.945257919057834 35.335499847668565 -2.0350754382018855e-06 -1.6120740081947658e-06
892 18.965971265519837 35.34579711934577 -1.9469441962800924e-06 -1.799802046206035e-06
893 18.985593843063324 35.3560724849282 -1.8577468089957673e-06 -1.969965050247093e-06
894 19.004126487544962 35.366327194860176 -1.7679944426990434e-06 -2.1235960621265025e-06
895 19.021569989380257 35.376562490106664 -1.6780548912983953e-06 -2.2617518966098994e-06
896 19.037925093543553 35.38677960215328 -1.5883256576547183e-06 -2.3853600757498005e-06
897 19.053192499568034 35.39697975300629 -1.499185403310184e-06 -2.4952894360874382e-06
898 19.067372861545717 35.40716415519259 -1.4109158370129724e-06 -2.5924105856246814e-06
899 19.080466788127467 35.41733401175974 -1.323798711773275e-06 -2.6775376296087213e-06
900 19.092474842522982 35.427490516275945 -1.2380412222705826e-06 -2.751466238498331e-06
901 19.103397542500797 35.437634852830044 -1.1537299114120132e-06 -2.8149731550274992e-06
902 19.113235360388288 35.44776819603154 -1.0709954648594166e-06 -2.8687569602951182e-06
903 19.121988723071674 35.45789171101056 -9.899944634771427e-07 -2.9134683313765592e-06
904 19.129658011996003 35.46800655341791 -9.108110327727363e-07 -2.9497323080677302e-06
905 19.13624356316517 35.47811386942501 -8.335481897818003e-07 -2.9781393362053317e-06
906 19.141745667141905 35.48821479572394 -7.582970409990384e-07 -2.9992527849047193e-06
907 19.14616456876729 35.498310461208554 -6.850528171291673e-07 -3.013597715921469e-06
908 19.14950045340926 35.508402052560086 -6.137809946265776e-07 -3.021642094630094e-06
909 19.151753457502355 35.51849072360879 -5.445191110711931e-07 -3.0238410666456384e-06
910 19.152923675596192 35.52857759720007 -4.773118380661207e-07 -3.02063215485782e-06
911 19.153011155891498 35.538663800575925 -4.121324776626379e-07 -3.0124029351601632e-06
912 19.152015900240144 35.548750465374965 -3.490048819484251e-07 -2.9995444748630935e-06
913 19.14993786414512 35.558838727632406 -2.879504005645789e-07 -2.9824337202422903e-06
914 19.146776956760533 35.568929727780066 -2.2891204093231147e-07 -2.9613851355230836e-06
915 19.142533040891635 35.57902461064638 -1.7181726260012955e-07 -2.936665094825609e-06
916 19.13720593299479 35.589124525456384 -1.1663680676729472e-07 -2.908547685378745e-06
917 19.130795403177498 35.59923062583173 -6.338230192883194e-08 -2.877333223379316e-06
918 19.12330117519838 35.60934406979065 -1.2013077427364496e-08 -2.8432620758382307e-06
919 19.114722926467188 35.619466019748025 3.7515460267774885e-08 -2.8065537918166034e-06
920 19.105060288044797 35.62959764251531 8.519736355866938e-08 -2.767472955144106e-06
921 19.09431284464321 35.639740109300575 1.3106261056706654e-07 -2.7262408897617925e-06
922 19.082480134625555 35.64989459570851 1.7518145825187108e-07 -2.683014452977729e-06
923 19.06956165000609 35.66006228174039 2.1762175272345885e-07 -2.6379256978530563e-06
924 19.055556836450197 35.67024435179412 2.584311653478809e-07 -2.5911146184690427e-06
925 19.04046509327439 35.68044199466419 2.9760988069379936e-07 -2.542793184950518e-06
926 19.024285773446298 35.69065640354172 3.351893714776083e-07 -2.493118524893301e-06
927 19.00701818358469 35.70088877601442 3.712436551112921e-07 -2.4421605342679685e-06
928 18.98866158812489 35.71114033505834 4.0578358716865555e-07 -2.3900917535368523e-06
929 18.96921521370596 35.72141237389108 4.3881891212575806e-07 -2.337088929500145e-06
930 18.948678219819737 35.7317061141776 4.7040507621809316e-07 -2.2832383828136566e-06
931 18.927049720738808 35.74202278735603 5.005970029695197e-07 -2.2286080455667027e-06
932 18.904328787990757 35.75236364553672 5.294461560435956e-07 -2.173253192206846e-06
933 18.880514450358152 35.76272996150227 5.569970350310872e-07 -2.11722730526087e-06
934 18.855605693878548 35.7731230287075 5.832566363808385e-07 -2.0606824908056954e-06
935 18.829601461844486 35.78354416127949 6.082432745162865e-07 -2.0037437295212612e-06
936 18.802500654803502 35.79399469401753 6.320260711019051e-07 -1.9463805427020705e-06
937 18.77430213055811 35.80447598239317 6.546318833680555e-07 -1.8886700536179164e-06
938 18.74500470416581 35.814989402550175 6.760623209928673e-07 -1.8307688493007681e-06
939 18.714607147939113 35.82553635130457 6.963514207065349e-07 -1.77274101023498e-06
940 18.683108191445484 35.83611824614459 7.155400843766445e-07 -1.7146167397896002e-06
941 18.6505065215074 35.84673652523074 7.336663803832416e-07 -1.6564197539233505e-06
942 18.61680078220232 35.85739264739572 7.507654791255526e-07 -1.5981680266221915e-06
943 18.58198957486268 35.868088092144504 7.668696126675192e-07 -1.539874506284011e-06
944 18.546071458075918 35.878824359654274 7.820023772957415e-07 -1.481581501384e-06
945 18.509044947684455 35.88960297077447 7.961702670739154e-07 -1.4234328761912889e-06
946 18.4709085167857 35.90042546702676 8.09401135912544e-07 -1.3654643213056319e-06
947 18.43166059573204 35.91129341060504 8.21744272946521e-07 -1.3075662124268045e-06
948 18.391299572130865 35.92220838437546 8.332129274982755e-07 -1.2498179464898239e-06
949 18.349823794206255 35.933171998477135 8.438139663421009e-07 -1.1923531904998888e-06
950 18.30723161473259 35.94418598288839 8.535748089579594e-07 -1.1351922895066731e-06
951 18.263521309560083 35.95525203413642 8.625226287790324e-07 -1.0783428485523967e-06
952 18.218691106579893 35.9663718582481 8.706825872750431e-07 -1.0218097690397482e-06
953 18.172739205447453 35.977547207527714 8.780778506844501e-07 -9.655956405543102e-07
954 18.125663777582464 35.9887798805569 8.847296161623415e-07 -9.097011142930475e-07
955 18.0774629661689 36.00007172219467 8.906571465108456e-07 -8.541252582344104e-07
956 18.02813488615501 36.01142462357742 8.958778126119302e-07 -7.988658974346206e-07
957 17.977677624253303 36.02284052211893 9.004054172253662e-07 -7.440128299150732e-07
958 17.926089238940573 36.03432140151036 9.042563788632112e-07 -6.89678898665766e-07
959 17.873367760457874 36.04586929172023 9.074539946232773e-07 -6.357543771086285e-07
960 17.819511190810534 36.057486268994445 9.100152711776768e-07 -5.821384683856923e-07
961 17.764517503768158 36.06917445585629 9.119508148339628e-07 -5.289536866932756e-07
962 17.708384644864612 36.08093602110642 9.132760707940019e-07 -4.762918554856207e-07
963 17.651110531398043 36.09277317982288 9.140091577993273e-07 -4.24152256367529e-07
964 17.59269305243086 36.10468819336107 9.141669160058906e-07 -3.725331247546112e-07
965 17.53313006878975 36.116683369353794 9.137649362292769e-07 -3.214318463435012e-07
966 17.47241944059972 36.12876109313103 9.12817592745507e-07 -2.7084514341088465e-07
967 17.41055906561893 36.14092387543449 9.113380792979335e-07 -2.2076925108841417e-07
968 17.347546752822236 36.153174207843215 9.093384480134852e-07 -1.7120008408864288e-07
969 17.283380311311884 36.16551465932237 9.068296509131364e-07 -1.2213339381656472e-07
970 17.218057557830036 36.17794788461663 9.038215837439234e-07 -7.356491593172557e-08
971 17.151576316758778 36.19047662425016 9.003231319088933e-07 -2.549050908702945e-08
972 17.083934420120112 36.20310370452664 8.963436526962651e-07 2.208304448258016e-08
973 17.015129707575976 36.215832037529246 8.919137439099517e-07 6.900092498280308e-08
974 16.945160026428212 36.22866462112066 8.870536599118344e-07 1.1521952457760136e-07
975 16.87402323161859 36.241604538943065 8.817389529908052e-07 1.6100698764959535e-07
976 16.80171718572881 36.25465496041815 8.759682477900584e-07 2.064022265684765e-07
977 16.72823975898048 36.26781914074711 8.697719764474152e-07 2.5122541343660905e-07
978 16.653588829235133 36.28110042091062 8.631681374559794e-07 2.9542546039741874e-07
979 16.57776228581846 36.29450223093216 8.561672786858371e-07 3.3900630454285034e-07
980 16.50075814112636 36.308028185971224 8.487792293610658e-07 3.8197205500802803e-07
981 16.4225743856 36.32168196372826 8.41013124498898e-07 4.243269077848131e-07
982 16.34320903061578 36.335467338721216 8.328774304155236e-07 4.660750651933922e-07
983 16.26266016753113 36.34938823226271 8.243799711899467e-07 5.072206599650319e-07
984 16.180925967684512 36.36344871246005 8.155279559997038e-07 5.477676836963363e-07
985 16.09800468239539 36.37765299421517 8.063280071735654e-07 5.877199198266333e-07
986 16.013894642964267 36.3920054392247 7.967861889607319e-07 6.270808806779749e-07
987 15.928594260672662 36.406510555979935 7.86908036857581e-07 6.658537487492762e-07
988 15.842102026783117 36.42117299976683 7.766985874280521e-07 7.040413221150806e-07
989 15.754416512539196 36.43599757266602 7.661624086079642e-07 7.416459635957765e-07
990 15.665536369165483 36.45098922355277 7.553036303009576e-07 7.786695540631786e-07
991 15.575460428843552 36.46615312040537 7.441259753048727e-07 8.151134494093024e-07
992 15.484187680311468 36.48149463236769 7.326327905325713e-07 8.509784410451384e-07
993 15.39171717040211 36.49701925883358 7.208274858536352e-07 8.862637164775474e-07
994 15.29804815737971 36.51273273930712 7.087399942779383e-07 9.209041442248328e-07
995 15.203180111854902 36.528641054058305 6.964089047451958e-07 9.548225165089547e-07
996 15.107112716784723 36.54475042412307 6.838169144684917e-07 9.88084069837949e-07
997 15.009845867472613 36.56106731130328 0.0 0.0
998 14.911379671568413 36.57759841816674 0.0 0.0
999 14.811714449068376 36.594350688047136 0.0 0.0
1000 14.710850732315148 36.611331305044125 0.0 0.0
